17
8
1.62
0.1
-0.47
-1.1
-2.1
0.7
1
1
1
5
0.22
2.29
0
0.5
1.1
0
1
1
1
6
-0.909999
0.14
-0.94
0.199999
-89.1
-1.4
1
1
1
4
0.46
-0.01
0
0
0
0
1.57
1.44
1
1
1.55
0.08
0.81
3.1
-87.5
-0.900001
1
1
1
1
0
0.06
0
0.1
-0.1
0
1
1
1
2
-1.86
0.01
0.6
-1.49012e-08
1.8
-0.4
1.24
1.22
1
3
-2.03
-0.02
-0.11
0
0
-1.3
1
1
1
3
-1.45
0.06
0.48
-4.3
-68.2
2.9
0.97
0.89
1
3
-1.17
0.1
0.48
2.4
-71.9
-3.6
1
0.89
1
3
-0.88
0.13
0.62
-3.6
-75.9
2.8
1.06
0.92
1
3
-0.64
0.12
0.56
-0.6
-68.3
1.6
1
1
1
3
-2.04
0.00999999
0.13
0
0
-2.3
1
1
1
3
-1.85
-0.02
0.23
0.6
-3.7
-0.0999986
1
1
1
3
-2.03
-0.01
0.47
0.2
1.3
-1.9
1
1
1
3
-1.84
-0.04
0.36
0
0
2.3
1
1
1
7
-0.01
0.04
-0.3
0
0
-0.6
1
1
1
